cost_score | total_variance | avg_thermal_comfort | total_PMV
-4511.812799679611 760.100000000002  0.5867260156431773 676.4950960365834
-4462.905918533585 755.1000000000015 0.5816700918998619 670.6656159605407
-4443.124962536455 758.3000000000017 0.5814649050276329 670.4290354968608
-4454.459629698134 791.1000000000013 0.5746038447753281 662.5182330259534
-4490.325713717578 783.7000000000021 0.5828387000700942 672.0130211808187
-4408.599617312693 780.3000000000017 0.5731509801629424 660.8430801278726
-4430.639940864781 768.1000000000016 0.5708656610059198 658.2081071398255
-4446.191143879814 773.5000000000017 0.5834653661431117 672.7355671630078
-4454.658839379249 777.1000000000017 0.5768584340779325 665.1177744918562
-4482.110175327222 756.1000000000017 0.5790277717646657 667.6190208446595
-4436.578002441756 804.1000000000016 0.5817868924396552 670.8002869829224
-4492.207266496328 743.9000000000017 0.594102172444607 684.9998048286318
-4439.567906270799 773.7000000000019 0.5824861785196035 671.6065638331028
-4460.871518728789 758.7000000000014 0.5864893494060909 676.2222198652228
-4468.535152537734 779.7000000000014 0.5858502063961163 675.485287974722
-4463.478096355009 762.1000000000018 0.5835261397979087 672.8056391869887
-4455.791406971911 771.5000000000015 0.5814419718137939 670.4025935013043
-4452.202026650554 781.9000000000012 0.5860978079393111 675.7707725540257
-4449.388648501366 790.5000000000015 0.573490651909736 661.2347216519256
-4418.926131156728 779.9000000000015 0.5739466250587856 661.7604586927797
-4472.536147025204 775.7000000000016 0.5796167504056251 668.2981132176857
-4459.607469883801 756.1000000000016 0.5771215984814535 665.4212030491159
-4421.215700111116 775.3000000000015 0.5731120579891512 660.7982028614914
-4470.536282406871 750.5000000000015 0.5862515803579472 675.9480721527132
-4441.871494275801 779.5000000000018 0.5864356639808214 676.1603205698871
-4447.089332227671 773.5000000000014 0.5799535655679628 668.6864610998612
-4448.357635680144 788.7000000000013 0.5807868013392699 669.6471819441781
-4440.329038109882 766.1000000000017 0.5821908434246784 671.2660424686542
-4431.906052564649 799.5000000000014 0.569305253012219 656.4089567230885
-4446.701317700236 778.3000000000013 0.5804575807435012 669.2675905972569
-4462.329185179543 760.3000000000018 0.5875680756992621 677.4659912812491
-4436.962350429042 797.1000000000015 0.5659312259704871 652.5187035439716
-4446.890962904533 737.7000000000016 0.5845366366464376 673.9707420533425
-4472.93334363398  772.9000000000021 0.5824399335694762 671.553243405606
-4452.590062234084 786.1000000000014 0.5820907528737449 671.1506380634279
-4450.014129703534 772.9000000000015 0.5763227459843483 664.5001261199536
-4444.73802268876  783.3000000000014 0.5744846682540394 662.3808224969075
-4450.33365255445  768.9000000000016 0.5714409552714514 658.8714214279835
-4463.273156343159 786.5000000000022 0.5910875195640366 681.5239100573342
-4450.914094379106 769.3000000000023 0.5927443635209844 683.434251139695
